enero 01 2021|3432.50
enero 02 2021|3432.50
enero 03 2021|3432.50
enero 04 2021|3432.50
enero 05 2021|3420.78
enero 06 2021|3450.74
enero 07 2021|3428.04
enero 08 2021|3459.39
enero 09 2021|3478.11
enero 10 2021|3478.11
enero 11 2021|3478.11
enero 12 2021|3478.11
enero 13 2021|3487.65
enero 14 2021|3478.36
enero 15 2021|3469.76
enero 16 2021|3466.80
enero 17 2021|3466.80
enero 18 2021|3466.80
enero 19 2021|3466.80
enero 20 2021|3482.03
enero 21 2021|3476.19
enero 22 2021|3477.48
enero 23 2021|3525.25
enero 24 2021|3525.25
enero 25 2021|3525.25
enero 26 2021|3582.41
enero 27 2021|3591.48
enero 28 2021|3636.91
enero 29 2021|3585.44
enero 30 2021|3559.46
enero 31 2021|3559.46
febrero 01 2021|3559.46
febrero 02 2021|3561.37
febrero 03 2021|3534.99
febrero 04 2021|3522.57
febrero 05 2021|3558.63
febrero 06 2021|3543.28
febrero 07 2021|3543.28
febrero 08 2021|3543.28
febrero 09 2021|3554.65
febrero 10 2021|3583.23
febrero 11 2021|3557.16
febrero 12 2021|3525.45
febrero 13 2021|3515.65
febrero 14 2021|3515.65
febrero 15 2021|3515.65
febrero 16 2021|3515.65
febrero 17 2021|3518.19
febrero 18 2021|3545.84
febrero 19 2021|3537.86
febrero 20 2021|3555.40
febrero 21 2021|3555.40
febrero 22 2021|3555.40
febrero 23 2021|3602.41
febrero 24 2021|3590.37
febrero 25 2021|3578.29
febrero 26 2021|3588.23
febrero 27 2021|3624.39
febrero 28 2021|3624.39
marzo 01 2021|3624.39
marzo 02 2021|3622.36
marzo 03 2021|3646.61
marzo 04 2021|3676.94
marzo 05 2021|3647.99
marzo 06 2021|3640.20
marzo 07 2021|3640.20
marzo 08 2021|3640.20
marzo 09 2021|3623.61
marzo 10 2021|3598.77
marzo 11 2021|3561.91
marzo 12 2021|3534.62
marzo 13 2021|3575.30
marzo 14 2021|3575.30
marzo 15 2021|3575.30
marzo 16 2021|3575.63
marzo 17 2021|3553.51
marzo 18 2021|3578.02
marzo 19 2021|3569.45
marzo 20 2021|3553.34
marzo 21 2021|3553.34
marzo 22 2021|3553.34
marzo 23 2021|3553.34
marzo 24 2021|3589.82
marzo 25 2021|3635.12
marzo 26 2021|3658.22
marzo 27 2021|3665.41
marzo 28 2021|3665.41
marzo 29 2021|3665.41
marzo 30 2021|3705.85
marzo 31 2021|3736.91
abril 01 2021|3678.62
abril 02 2021|3678.62
abril 03 2021|3678.62
abril 04 2021|3678.62
abril 05 2021|3678.62
abril 06 2021|3645.79
abril 07 2021|3645.14
abril 08 2021|3639.62
abril 09 2021|3634.07
abril 10 2021|3650.23
abril 11 2021|3650.23
abril 12 2021|3650.23
abril 13 2021|3653.57
abril 14 2021|3666.17
abril 15 2021|3665.49
abril 16 2021|3620.40
abril 17 2021|3595.57
abril 18 2021|3595.57
abril 19 2021|3595.57
abril 20 2021|3606.42
abril 21 2021|3636.26
abril 22 2021|3639.12
abril 23 2021|3630.81
abril 24 2021|3640.07
abril 25 2021|3640.07
abril 26 2021|3640.07
abril 27 2021|3659.62
abril 28 2021|3717.46
abril 29 2021|3699.74
abril 30 2021|3712.89
mayo 01 2021|3740.14
mayo 02 2021|3740.14
mayo 03 2021|3740.14
mayo 04 2021|3816.65
mayo 05 2021|3831.35
mayo 06 2021|3846.28
mayo 07 2021|3800.33
mayo 08 2021|3765.33
mayo 09 2021|3765.33
mayo 10 2021|3765.33
mayo 11 2021|3714.94
mayo 12 2021|3703.20
mayo 13 2021|3734.09
mayo 14 2021|3728.09
mayo 15 2021|3682.84
mayo 16 2021|3682.84
mayo 17 2021|3682.84
mayo 18 2021|3682.84
mayo 19 2021|3655.74
mayo 20 2021|3682.66
mayo 21 2021|3721.57
mayo 22 2021|3738.19
mayo 23 2021|3738.19
mayo 24 2021|3738.19